Algoritmo: Greedy 1: 4x4
Complexidade: SIMPLES
Nós visitados: 13
Quantidade nós explorados: 12
Profundidade da meta: 13
Tempo de execução: 0.008 segundos
Estados gerados: [
-------------
| 0 0 | 0 3 |
| 0 0 | 0 1 |
-------------
| 1 0 | 0 0 |
| 4 0 | 0 0 |
-------------
, 
-------------
| 2 0 | 0 3 |
| 0 0 | 0 1 |
-------------
| 1 0 | 0 0 |
| 4 0 | 0 0 |
-------------
, 
-------------
| 2 4 | 0 3 |
| 0 0 | 0 1 |
-------------
| 1 0 | 0 0 |
| 4 0 | 0 0 |
-------------
, 
-------------
| 2 4 | 1 3 |
| 0 0 | 0 1 |
-------------
| 1 0 | 0 0 |
| 4 0 | 0 0 |
-------------
, 
-------------
| 2 4 | 1 3 |
| 3 0 | 0 1 |
-------------
| 1 0 | 0 0 |
| 4 0 | 0 0 |
-------------
, 
-------------
| 2 4 | 1 3 |
| 3 2 | 0 1 |
-------------
| 1 0 | 0 0 |
| 4 0 | 0 0 |
-------------
, 
-------------
| 2 4 | 1 3 |
| 3 2 | 4 1 |
-------------
| 1 0 | 0 0 |
| 4 0 | 0 0 |
-------------
, 
-------------
| 2 4 | 1 3 |
| 3 2 | 4 1 |
-------------
| 1 3 | 0 0 |
| 4 0 | 0 0 |
-------------
, 
-------------
| 2 4 | 1 3 |
| 3 2 | 4 1 |
-------------
| 1 3 | 2 0 |
| 4 0 | 0 0 |
-------------
, 
-------------
| 2 4 | 1 3 |
| 3 2 | 4 1 |
-------------
| 1 3 | 2 4 |
| 4 0 | 0 0 |
-------------
, 
-------------
| 2 4 | 1 3 |
| 3 2 | 4 1 |
-------------
| 1 3 | 2 4 |
| 4 1 | 0 0 |
-------------
, 
-------------
| 2 4 | 1 3 |
| 3 2 | 4 1 |
-------------
| 1 3 | 2 4 |
| 4 1 | 3 0 |
-------------
, 
-------------
| 2 4 | 1 3 |
| 3 2 | 4 1 |
-------------
| 1 3 | 2 4 |
| 4 1 | 3 2 |
-------------
]
